- Jet Lab
- Date: 2022-12-01 14_28_12
- Step: 800 motor steps
1466
1425
1512
1520
1474
1517
1504
1632
1576
1512
1610
1428
1447
1330
1392
1536
1472
1531
1580
1544
1622
1536
1542
1508
1649
1444
1380
1488
1504
1377
1436
1495
1484
1368
1030
1510
1414
1459
1432
1518
1496
1671
2368
3128
3600
3720
3648
3656
3740
3852
3792
3840
3812
3872
3704
3699
3600
3224
2672
2116
1666
1502
1536
1488
1536
1486
1475
1568
1616
1513
1560
1497
1550
1521
1482
1516
1525
1351
1336
1507
1515
1504
1480
1526
978
1456
1548
1483
1528
1452
1396
1420
1505
1408
1394
1325
1479
1504
1433
1377
