- Jet Lab
- Date: 2022-12-01 14_32_03
- Step: 800 motor steps
1022
1307
1484
1408
1416
1329
1516
1516
1475
1443
1528
1468
1506
1295
1440
1320
1434
1424
1454
1462
1459
1302
1396
1366
1420
1481
1364
1079
1452
1456
1462
1444
1052
1537
1560
1612
1562
1050
1646
1720
1809
1908
1864
2172
2400
2496
2502
2620
2664
2880
2950
2956
2944
2900
2678
2739
2584
2468
2321
1843
2036
2012
1828
1798
1668
1716
1686
1610
1648
1552
1537
1616
1418
1616
1530
1414
1286
1436
1004
1428
1430
1373
1350
1005
1448
1402
1484
1472
1380
1412
1436
1398
1462
1524
1395
1374
1472
1344
1477
1450
