- Jet Lab
- Date: 2022-12-01 14_32_56
- Step: 800 motor steps
1460
1564
1472
1496
1497
1420
1504
1499
1565
1510
1464
1501
1483
1410
1524
1600
1496
1526
1537
1511
1561
1523
1444
1434
1536
1488
1612
1502
1296
1439
1581
1620
1634
1564
1488
1540
1616
1560
1728
1668
1619
1722
1731
1710
1820
1870
1857
1912
2008
2000
2052
2064
2080
2013
2140
2096
2076
1840
1878
1804
1737
1796
1834
1608
1656
1517
1625
1568
1425
1449
1547
1492
1466
1251
1454
1464
1461
1375
1404
1406
1517
1475
1556
1514
1536
1484
1424
1408
1512
1276
1428
1560
1468
1516
1025
1461
1523
1435
1417
1566
