- Jet Lab
- Date: 2022-12-01 14_33_47
- Step: 800 motor steps
1422
1466
1464
1511
1447
1452
1532
1489
1544
1564
1490
1310
1536
1384
1414
1454
1481
1408
1413
1520
1524
1497
1496
1506
1528
1582
1496
1477
1528
1601
1512
1577
1600
1440
1538
1668
1606
1561
1612
1683
1591
1680
1768
1797
1907
1810
1880
1856
1829
1884
1960
1856
1864
1792
1846
1820
1805
1808
1792
1548
1699
1634
1192
1664
1612
1664
1536
1564
1644
1594
1540
1488
1424
1356
1294
1441
1395
1368
1266
1312
1464
1299
1448
1465
1399
1490
1492
1497
1553
1504
1504
1450
1500
1364
1490
1440
1462
1408
1402
1358
