- Jet Lab
- Date: 2022-12-01 14_35_10
- Step: 800 motor steps
1480
1392
1486
1456
1408
1448
1536
1526
1504
1440
1492
1528
1424
1352
1386
1432
1454
1412
1456
1464
1500
1416
1480
1426
1500
1504
1379
1514
1570
1126
1573
1630
1700
1559
1740
1824
1700
1862
1960
1960
1962
1968
1924
2186
2160
2121
2140
2216
2096
2169
2432
2400
2376
2376
2396
2216
2048
2112
1972
1989
1888
1936
1940
1840
1762
1716
1611
1594
1612
1588
1522
1569
1492
1594
1424
1497
1400
1510
1356
1270
1520
1488
1398
1418
1448
1368
1420
1427
1292
1316
1340
1220
1264
1329
1344
1396
1304
1335
1394
1438
