- Jet Lab
- Date: 2022-12-01 13_54_46
- Step: -1 motor steps
939
962
981
900
1000
920
934
1017
940
1025
961
987
1027
965
1003
922
953
944
983
1027
928
956
949
992
999
965
988
948
991
967
964
936
972
919
1012
971
956
1001
984
1054
958
959
985
979
969
979
1002
925
1003
1023
990
998
1073
942
930
995
968
968
951
992
969
1032
993
949
978
1008
984
942
1009
995
942
961
996
994
972
961
980
999
931
965
997
1006
944
975
1016
1017
1051
972
996
1010
991
998
959
954
992
958
937
945
940
975
950
999
998
1042
967
953
992
964
992
1002
960
971
999
998
1004
960
920
998
964
948
990
1019
961
1005
1004
883
996
966
974
987
961
976
955
930
1009
994
951
961
953
993
1012
982
1023
982
960
992
1001
933
960
930
1003
937
915
963
916
1019
966
991
935
1007
942
983
950
965
963
981
988
1021
986
986
992
1020
893
965
996
997
897
979
999
1016
979
1001
984
884
947
999
996
905
1010
965
1027
1011
908
953
1023
999
981
966
984
1072
1011
958
1073
924
968
984
1008
930
977
915
958
972
996
928
994
997
947
1008
1007
1019
910
927
992
1032
991
951
960
1003
1013
1034
1011
932
1031
962
932
1059
1001
978
968
953
1053
1005
958
956
935
1048
903
940
998
938
933
995
969
960
1016
967
997
940
953
1038
972
940
984
994
954
950
943
967
978
973
957
995
967
988
967
985
993
951
1047
1017
992
944
1004
1008
1013
974
989
948
991
955
993
947
955
935
1013
1013
996
945
957
998
982
937
996
975
991
968
908
938
974
992
971
966
980
945
918
899
983
1022
909
997
971
912
940
1004
943
982
1006
1029
1027
975
1005
940
953
935
975
955
958
941
988
993
994
1031
960
994
962
967
1024
1006
896
975
1037
1016
976
972
952
960
1057
980
1020
928
958
981
958
925
935
1003
967
1026
1019
997
977
983
1006
984
980
976
1047
942
1050
981
996
975
982
967
980
982
990
988
965
1005
999
987
999
1009
988
974
982
991
999
1049
988
992
941
952
935
1006
967
947
985
939
1000
992
962
960
990
960
993
1062
1003
1038
1041
951
992
985
941
964
978
1057
979
998
991
989
927
982
1007
936
940
1031
972
931
936
935
1011
935
948
981
968
1006
1088
952
973
1007
964
975
1008
961
960
948
947
955
991
991
1007
956
988
984
948
1029
996
968
974
1043
995
923
965
968
946
969
996
976
975
984
975
945
1004
1005
987
970
1004
971
1019
1040
972
953
984
935
908
970
1003
989
