- Jet Lab
- Date: 2022-12-01 14_00_13
- Step: -1 motor steps
1347
1276
1306
1300
1304
1294
1303
1278
1321
1308
1273
1347
1331
1306
1324
1296
1278
1349
1308
1354
1240
1278
1280
1312
1289
1337
1275
1267
1347
1336
1283
1310
1202
1257
1357
1326
1352
1348
1286
1291
1300
1311
1335
1307
1284
1362
1313
1328
1285
1351
1224
1313
1267
1288
1331
1371
1328
1344
1350
1280
1374
1276
1289
1324
1358
1266
1244
1362
1295
1351
1290
1313
1288
1330
1383
1286
1326
1246
1291
1313
1266
1343
1304
1355
1329
1330
1329
1318
1280
1307
1296
1259
1367
1321
1275
1295
1350
1275
1272
1303
1292
1283
1286
1335
1343
1329
1288
1324
1326
1312
1295
1354
1280
1382
1248
1294
1235
1339
1335
1280
1286
1300
1353
1311
1306
1295
1393
1353
1316
1425
1340
1318
1270
1347
1304
1360
1323
1420
1305
1374
1299
1305
1384
1292
1225
1345
1246
1304
1360
1306
1332
1291
1368
1354
1347
1311
1324
1313
1412
1288
1351
1375
1324
1336
1379
1270
1393
1355
1369
1279
1344
1303
1378
1265
1255
1321
1316
1338
1295
1328
1376
1261
1320
1296
1381
1376
1321
1319
1300
1351
1357
1344
1279
1303
1309
1329
1318
1338
1235
1362
1404
1254
1298
1383
1388
1306
1352
1371
1359
1274
1341
1282
1364
1371
1314
1367
1367
1265
1345
1328
1352
1317
1278
1284
1251
1319
1297
1304
1372
1299
1287
1353
1289
1336
1281
1291
1383
1255
1264
1268
1341
1312
1359
1320
1337
1255
1340
1313
1269
1334
1269
1313
1371
1297
1294
1362
1283
1276
1305
1275
1318
1244
1343
1333
1340
1350
1276
1315
1289
1314
1357
1304
1253
1348
1300
1390
1328
1316
1361
1328
1340
1347
1313
1383
1267
1289
1287
1254
1331
1243
1336
1350
1291
1346
1268
1256
1279
1302
1264
1350
1324
1342
1396
1312
1291
1329
1332
1345
1349
1269
1370
1351
1324
1287
1316
1296
1309
1333
1336
1304
1268
1314
1299
1347
1305
1340
1364
1346
1276
1278
1299
1331
1315
1324
1311
1339
1341
1361
1316
1286
1363
1316
1286
1330
1302
1314
1350
1310
1315
1266
1345
1304
1331
1286
1310
1320
1311
1301
1260
1329
1382
1361
1263
1348
1264
1320
1288
1338
1344
1351
1349
1386
1308
1295
1330
1265
1373
1388
1344
1299
1329
1291
1328
1395
1296
1291
1336
1306
1326
1308
1318
1351
1324
1230
1348
1353
1355
1335
1269
1312
1371
1283
1329
1337
1265
1315
1312
1304
1332
1368
1280
1326
1271
1374
1326
1295
1334
1323
1281
1353
1276
1246
1325
1332
1309
1337
1318
1344
1272
1355
1345
1302
1274
1340
1318
1357
1271
1330
1316
1336
1325
1274
1327
1312
1411
1345
1248
1368
1329
1367
1361
1305
1303
1303
1343
1292
1324
1302
1297
1362
1351
1392
1339
1310
1323
1375
1347
1340
1299
1314
1318
1326
1353
1330
1249
1296
1299
1272
1319
1292
1324
1358
1377
1336
1266
1392
1286
1272
1313
1349
1295
1350
1383
1288
1290
1331
1338
1294
1327
1358
