- Jet Lab
- Date: 2022-12-01 14_29_30
- Step: 800 motor steps
1380
1426
1433
1433
1526
1522
1493
1484
1489
1440
1324
1405
1468
1458
1465
955
1382
1447
1496
1452
1500
1413
1500
1524
1554
1528
1399
1275
1448
1472
1593
1497
1414
1460
1448
1499
1496
1576
1452
1664
1777
1748
1547
2126
2372
2776
3124
3300
3380
3528
3446
3692
3555
3624
3504
3328
3296
3042
2880
2568
2304
2128
1860
1596
1489
1587
1580
1472
1664
1554
1515
1518
1403
999
1444
1426
1436
1446
1418
1498
1440
1380
1448
1492
1420
1330
1434
1392
1432
1484
1374
1415
1484
1456
1410
1436
1466
1417
1456
1288
