- Jet Lab
- Date: 2022-12-01 14_26_48
- Step: 800 motor steps
1221
1460
1454
1492
1540
1381
1508
1574
1546
1574
1512
1395
1475
1422
1435
1446
1464
1420
1504
1408
1436
1438
1496
1370
1423
1449
1488
1398
1494
1445
1479
1520
1542
1508
1424
1464
1457
1546
1472
1478
1500
1480
1849
3288
3752
3793
3742
3801
3768
3688
3745
3766
3769
3800
3658
3664
3728
3728
3753
3704
3656
3266
2139
1496
1395
1484
1430
1424
1618
1506
1492
1412
1524
1523
1540
1444
1472
1408
1344
1488
1462
1395
1420
1440
1460
1426
1346
1435
1499
1456
1480
1388
1486
1377
1427
1492
1404
1441
1352
1385
