- Jet Lab
- Date: 2022-12-01 14_37_00
- Step: 800 motor steps
1352
1492
1524
1510
1472
1504
1465
1552
1432
1377
1504
1585
1408
1403
1444
1465
1353
1516
1404
1520
1584
1512
1537
1640
1496
1548
1537
1490
1601
1524
1520
1676
1612
1588
1564
1716
1762
1732
1755
1752
1844
1742
1794
1872
1850
1813
1908
2048
2068
2072
2020
2096
2136
1936
2080
2016
1926
1984
2012
1860
1948
1822
1828
1882
1888
1896
1854
1792
1794
1818
1747
1672
1720
1678
1754
1628
1596
1573
1542
1448
1523
1053
1476
1382
1396
1460
1492
1440
1446
1398
1424
1484
1454
1544
1413
1454
1360
1466
1460
1458
