- Jet Lab
- Date: 2022-12-01 14_35_54
- Step: 800 motor steps
1339
952
1388
1324
1542
1480
1518
1550
1412
1479
1464
1482
1425
1460
1422
1448
1462
1436
1432
1360
1479
1414
1522
1318
1540
1460
1518
1579
1543
1416
1610
1625
1708
1637
1690
1768
1678
1780
1701
1795
1880
1764
1907
1836
2012
1643
2008
2080
2034
2116
2140
2104
2062
1994
2164
1968
2000
1988
1539
1940
1928
1792
1820
1748
1708
1752
1664
1729
1664
1648
1668
1672
1628
1528
1472
1493
1510
1392
1448
1440
1494
1460
1408
1400
1508
1368
1398
1443
1438
1404
1474
983
1416
1358
1460
1441
1536
1516
1481
1452
