- Jet Lab
- Date: 2022-12-01 14_30_19
- Step: 800 motor steps
1436
1482
1446
1452
1504
1504
1497
1504
1516
1544
1526
1496
1050
1421
1498
1485
1442
1409
1500
1512
1400
1432
1430
1363
1454
1486
1402
1580
1440
1381
1504
1510
1532
1526
1510
1452
1544
1636
1709
1708
1988
1952
2188
2432
2474
2662
2836
3110
3315
3367
3460
3420
3490
3456
3382
3168
3136
2664
2646
2512
2136
2018
1913
1800
1584
1614
1667
1644
1632
1574
1472
1580
1560
1564
1520
1502
1484
1565
1344
1552
1505
1491
1511
1555
1395
942
987
1456
1387
1536
1459
1436
1456
1486
1496
1420
1341
1420
1507
1508
